.Random.seed <-
c(403L, 481L, -363295057L, -1355056264L, 1861144148L, 533619471L, 
-2108113964L, 1126288051L, 337460977L, -1419853510L, 1803842641L, 
1399839102L, -1580512702L, -1576419427L, 1376852602L, -1048410083L, 
-729517341L, -1165084252L, 1013571963L, 2096936004L, -1970991000L, 
-718977389L, 782043992L, -519370641L, -1085341051L, -311306866L, 
119872997L, -1405350510L, 1567119646L, -1940155335L, -1824653434L, 
-225263007L, -906860817L, -75033872L, -1451660025L, 79840048L, 
407181292L, -2050093801L, 1563151452L, 839576107L, 1345749001L, 
115062818L, 255418633L, 1748948438L, -2016385302L, 1685292517L, 
-484638270L, -1678087451L, 1404055291L, -1465280420L, 666554595L, 
1732554764L, 2069426992L, 561113803L, 102132656L, -251551369L, 
676185741L, -2088074618L, -779184211L, 1988614251L, -627259769L, 
124596653L, -112686704L, -1062868846L, -1208253564L, 754144926L, 
1127287759L, -1263133547L, 1697637825L, -1755656201L, -194526114L, 
-2026321708L, 440365110L, 1436907272L, -545106755L, -929100233L, 
348760123L, 440154041L, -1859104628L, -85504498L, 1652984392L, 
-1540312294L, 1154857955L, 684175185L, 1178450821L, -1434404413L, 
-1236449158L, -1809824400L, 1809255946L, -661473612L, 1736181953L, 
-43757789L, -245193969L, -452523035L, -299889016L, -1451580246L, 
343051164L, 1940942102L, -68631145L, -668626835L, -156865303L, 
-329124385L, 299214726L, 974011356L, -1380282786L, 1442185920L, 
-117271755L, 1538932975L, -1210048733L, -550087439L, 844986852L, 
933588134L, -738598688L, -1006267598L, 1616695819L, 696504137L, 
-7544467L, -1215276309L, 1463796290L, -206960296L, 665874098L, 
-1221847476L, 1979482553L, 437656059L, 48380311L, -179118851L, 
-1290158560L, -1531005790L, 198951060L, 1145926222L, 1242412639L, 
-727686843L, -2025766575L, -2140858361L, -473635634L, -1896666556L, 
-224593882L, -1952657672L, -2125779315L, -893451161L, -841105845L, 
998512937L, -1637368900L, 1055010398L, 932835416L, 1013038794L, 
-961265485L, -1277481663L, -658230091L, 244826803L, 2015342794L, 
1759984800L, -1787721094L, 1637553604L, -1200671343L, 1094859763L, 
-978093665L, -613708171L, -1015519848L, 521486394L, 1724739308L, 
2139335686L, 1230867943L, -1017329443L, 592414137L, 937630255L, 
1645809590L, -1626830580L, 619021582L, -1322522000L, 1519865413L, 
-1230124001L, 1140060403L, -770312671L, 1201436116L, -2133194890L, 
1255499056L, -1422667678L, -311119333L, 1036325369L, 961986141L, 
1608643739L, -565696878L, -877956344L, 1994105250L, 937891804L, 
-1270718711L, -1463984885L, -268727385L, -1542640499L, 1093906928L, 
549895282L, 554329252L, -1890057922L, 2012859247L, 898506997L, 
-564576735L, 1635484247L, 1906224702L, 1702554676L, -69954794L, 
299498088L, 469029661L, -1403102761L, -1269621541L, -1820544807L, 
891499180L, 1860985902L, -271736088L, 1421900026L, 1118365699L, 
1694089905L, 257997093L, 997230115L, 202659994L, -124759408L, 
767865450L, -159700972L, -2044196319L, -1259906109L, -204402065L, 
-831851067L, 379722472L, 1851671690L, 427977852L, -993535050L, 
1144117111L, -208650099L, -340628151L, -1417661697L, -1107574234L, 
1701548220L, 2024761534L, -1535561056L, 1579155669L, 255625231L, 
-1153692221L, 1785515793L, 323263364L, -397333754L, -158989312L, 
1779140050L, -1390655957L, -993393623L, -569186419L, 153552267L, 
836374050L, -1258434504L, -1486331310L, 668297004L, -1517498087L, 
-315394021L, -473936969L, 1570623453L, -38171776L, 862062850L, 
-586421836L, -1639951890L, -1692542977L, -1766777563L, -908712655L, 
-1153282073L, 747883054L, 1319486244L, -677992442L, 1654807256L, 
1490741101L, 1246049159L, 2124912747L, 301244873L, 1549165788L, 
-150501506L, 1700026104L, -2119346902L, -1340956589L, 1108242209L, 
-929583531L, 1104979987L, 1503400426L, 200700736L, 723527386L, 
1165196580L, -1035261327L, 1640087315L, -1615355009L, -2065905451L, 
1944708425L, -2093565525L, 947746864L, -671315608L, -1981020212L, 
-254765810L, 615590399L, 1047960575L, -792109269L, 406173737L, 
-874079898L, -860416246L, -465711854L, 23817832L, 1693674641L, 
-68239971L, -848692627L, 1281510687L, 1146900836L, -1620031100L, 
-114433672L, 79353058L, -637701741L, 1472153395L, 872644663L, 
2132631733L, -189564894L, -653780498L, -971446106L, 2052219284L, 
-1742811123L, 1686607705L, -323744335L, -135723373L, -809147256L, 
-1828878528L, -2028922412L, 670618198L, 420072759L, -1181309673L, 
-107689357L, -1246267839L, -1590211186L, 1586428194L, 1476032090L, 
-1494137040L, 1699222121L, -584633483L, 65482437L, -1457181993L, 
-557091188L, 524072524L, 1840708400L, -1720129958L, -863656709L, 
2105359419L, 1589894543L, -1430872867L, -1381132262L, 1243751318L, 
-1457147586L, 1850954572L, -358523243L, 442371905L, 1839873561L, 
403880251L, -1864163776L, -1457559048L, -153006468L, 945498814L, 
160825775L, 1467421263L, -724830949L, -896050567L, -1822330890L, 
-1974611718L, -702641566L, -1410747816L, -1905928959L, -994328563L, 
-184926499L, -953521585L, 184238324L, -1010157228L, 980277672L, 
136255122L, 549540387L, -40816637L, -1313763097L, -1582608347L, 
553501042L, 865940414L, 1251665110L, -1942049180L, 1211220605L, 
-747025751L, 219362785L, -354842109L, -266075080L, -359123728L, 
1723429988L, 305477030L, 945476423L, 1363519879L, -25172157L, 
1527242225L, 332595518L, 178524594L, -405452918L, 1693895488L, 
-2104269959L, 1259011973L, -1174497515L, 698293223L, -1513609028L, 
453930812L, -711925952L, 136312746L, -1576697557L, -1811519061L, 
17057375L, 310041005L, 1864450378L, -1058499770L, -137371698L, 
1541772284L, 1097748325L, -1127168143L, -1573311191L, -1057821429L, 
-1474269808L, 1671118408L, 725912172L, 256147758L, -426832929L, 
2038824991L, 20937035L, -1063180471L, 997050374L, 784591402L, 
2143332530L, -1712354616L, 1416042737L, 349750269L, -1322991411L, 
-631980225L, -1445723516L, 1655291492L, 1336558808L, -181436990L, 
1648967347L, 455185811L, 602604119L, 70731733L, 231002434L, 396857486L, 
-1294910010L, 1273973300L, -2122575123L, -961563463L, -1669445231L, 
-293272781L, -737502872L, 1747743264L, 78603060L, 373729526L, 
-1549300713L, 1047798007L, -145919661L, 625177894L, 562924713L, 
-1815486276L, 341370653L, -2029891638L, 1344048431L, 2057197414L, 
1539288253L, 641411926L, -1206616815L, 1219673896L, -653080387L, 
592875038L, -1547279633L, -307266470L, -1522410367L, 478891886L, 
-438629247L, 2036601516L, -383162595L, 1778923410L, -428676937L, 
-450313130L, -631245891L, 1156857062L, -200599471L, -1390843544L, 
195987381L, 216957286L, 1701966223L, -394089398L, -1203252191L, 
1432968886L, 1160054697L, 909781820L, 1343129421L, 993597514L, 
-1203773505L, 620493750L, 513198893L, -1241010362L, -929090079L, 
1935776840L, -879230019L, -108331778L, 170076543L, -1364609558L, 
963132609L, 654899870L, -834434431L, 1319301468L, 525256701L, 
-1346456750L, -918295257L, -953458794L, 1251124893L, 316069606L, 
419963249L, 1360002633L, -1557917308L, -2146202246L, 788409761L, 
-971706495L, -169341150L, -1391611712L, -1556089575L, -1304543775L, 
34653752L, 76174370L, 270973141L, -1804469615L, 1781768138L, 
-223451276L, 299515565L, -441444367L, 1592482708L, -1749231318L, 
1277891625L, -843290375L, 729311322L, 85699008L, -1175728279L, 
141228233L, 76850592L, 152458706L, 1190583749L, -1172354599L, 
62960866L, 1735929292L, -1514104187L, -964883639L, -1373382572L, 
1183155594L, 478693713L, -1769383823L, 1519540706L, -519409344L, 
79198441L, -294365743L, -2059366472L, 1965898162L, -733538763L, 
743982545L, -1054601590L, -399439948L, 766426765L, 1896469985L, 
-358665948L, 1217366746L, -441969239L, 422487321L, -1320551158L, 
1744809440L, -1522889927L, 899184009L, -1363684848L, 597567042L, 
-2062003483L, -956969015L, 2101374834L, 111728700L, -2016724395L, 
919819305L, 1964306980L, 1148322074L, 1541565409L, -1458312927L, 
1657291970L, -143733728L, -1414193223L, -140400735L, -220622856L, 
695001826L, 270472853L, -1973023567L, -1969879670L, 860551412L, 
1972614573L, -875173615L, -1850824172L, -1702374774L, 1494571977L, 
